Homes:
  main:
    X: -252.77045343183303
    Y: 103.0
    Z: 75.21827039210028
    Yaw: -157.802
    Pitch: 16.05011
    World: world
