Homes:
  main:
    X: -294.7360613887014
    Y: 116.0625
    Z: 87.82336855597677
    Yaw: 176.93793
    Pitch: 31.049942
    World: world
