Homes:
  main:
    X: -311.30916529762584
    Y: 108.0
    Z: 127.47420792269192
    Yaw: 128.84146
    Pitch: 23.42231
    World: world
